29#向量是R语言最基本的数据类型。重点：
#1.循环补齐：在一定情况下自动延长向量；
#2.提取向量子集；
#3.向量化：对向量的每一个元素应用函数。
x<-c(1,2,3,4,5) #把向量赋值给x，c是连接函数。
length(x) #获取向量长度
[1] 5
x[-1:-2] #删除x前两个元素
[1] 3 4 5
x<-x[-1:-2] #删除x前两个元素并保存
x
[1] 3 4 5
x<-c(x[c(1,3)],2,0,1,x[2]) #把x的第一个和第三个元素提取作为新x的第一和第二个元素，并将x的第二的元素提取作为新x的最后一个元素，并在x的第二和最后一个元素之间加入三个新元素，并保存至新x
x
[1] 3 5 2 0 1 4
 b<-seq(from=1,to=100,by=2) #seq函数是生成等差数列函数，并赋给b向量
 b
 [1]  1  3  5  7  9 11 13 15 17 19 21 23 25 27 29 31 33 35 37 39 41 43 45 47 49 51 53 55
[29] 57 59 61 63 65 67 69 71 73 75 77 79 81 83 85 87 89 91 93 95 97 99 #前面的[1]是计数，代表第一个，57前面的[29]代表57是第29个数
#当向量中元素非常多，而我们又想知道里面奇数有多少个的时候，我们可以利用简单的for循环完成
