#矩阵是一种特殊的向量，具有行数和列数，向量也是特殊的数组，数组可以是多维，向量相当于二维数组。数组多出一个层的维度。
y<-matrix(c(1,5,4,7,8,6,9,7),nrow=2)
y
     [,1] [,2] [,3] [,4]
[1,]    1    4    8    9
[2,]    5    7    6    7
 y[,2]
[1] 4 7
 y[1,]
[1] 1 4 8 9
矩阵索引和向量一样的规律
 y<-matrix(c(1,5,4,7,8,6,9,7),nrow=2,byrow = T) #按照行填入
 y
     [,1] [,2] [,3] [,4]
[1,]    1    5    4    7
[2,]    8    6    9    7
 y%%4
     [,1] [,2] [,3] [,4]
[1,]    1    1    0    3
[2,]    0    2    1    3
 y*y
     [,1] [,2] [,3] [,4]
[1,]    1   25   16   49
[2,]   64   36   81   49
#矩阵基本运算也和向量一样
y<-matrix(c(1,2,3,4,5,6),nrow=3)
> y
     [,1] [,2]
[1,]    1    4
[2,]    2    5
[3,]    3    6
 y[c(1,3),]<-matrix(c(1,1,8,12),nrow = 2)
> y
     [,1] [,2]
[1,]    1    8
[2,]    2    5
[3,]    1   12
#对矩阵赋值
